
DIRECT SEARCH RESULTS:
http://www.pnwherbaria.org/data/results.php?DisplayAs=Checklist&DisplayOption=HTML&ExcludeCultivated=Y&GroupBy=ungrouped&SortBy=Year&SortOrder=DESC&SearchAllHerbaria=Y&QueryCount=1&Family1=Lamiaceae&Zoom=6&Lat=43.796618975779026&Lng=-123.892822265625&PolygonCount=1&Polygon1=41.92408,-124.44214;41.90909,-122.3822;42.21903,-122.40417;42.30034,-122.29431;42.17019,-122.00867;42.34907,-121.96472;42.76987,-122.00867;42.93096,-121.81091;43.45956,-121.78894;43.82528,-121.59119;44.10994,-121.28357;44.20452,-121.54724;44.86236,-121.54724;45.0955,-121.43738;45.46655,-121.32751;45.46655,-121.59119;45.69739,-121.69212;45.70698,-121.81297;45.6206,-122.01347;45.55333,-122.24144;45.57256,-122.4337;45.60907,-122.63145;45.66093,-122.76604;45.77215,-122.76604;45.90419,-122.80998;45.95576,-122.80998;46.07974,-122.90611;46.18062,-123.12035;46.14638,-123.27965;46.15019,-123.38676;46.18633,-123.43346;46.23764,-123.43346;46.26993,-123.46642;46.26234,-123.5186;46.25094,-123.70262;46.22434,-123.89488;46.24904,-123.98552;46.29461,-124.01573;46.29461,-124.0377;46.25474,-124.0377;46.11402,-124.13933;45.53601,-124.13933;45.15961,-124.1201;42.83435,-124.88708;41.92408,-124.44214;

ATLAS SETUP (don't use unless you have to lol)
http://www.pnwherbaria.org/data/search.php?DisplayAs=Checklist&DisplayOption=HTML&GroupBy=ungrouped&SortBy=Year&SortOrder=DESC&ExcludeCultivated=Y&SearchAllHerbaria=Y&QueryCount=1&Family1=Rosaceae&Zoom=6&Lat=43.796618975779026&Lng=-123.892822265625&PolygonCount=1&Polygon1=41.92408,-124.44214;41.90909,-122.3822;42.21903,-122.40417;42.30034,-122.29431;42.17019,-122.00867;42.34907,-121.96472;42.76987,-122.00867;42.93096,-121.81091;43.45956,-121.78894;43.82528,-121.59119;44.10994,-121.28357;44.20452,-121.54724;44.86236,-121.54724;45.0955,-121.43738;45.46655,-121.32751;45.46655,-121.59119;45.69739,-121.69212;45.70698,-121.81297;45.6206,-122.01347;45.55333,-122.24144;45.57256,-122.4337;45.60907,-122.63145;45.66093,-122.76604;45.77215,-122.76604;45.90419,-122.80998;45.95576,-122.80998;46.07974,-122.90611;46.18062,-123.12035;46.14638,-123.27965;46.15019,-123.38676;46.18633,-123.43346;46.23764,-123.43346;46.26993,-123.46642;46.26234,-123.5186;46.25094,-123.70262;46.22434,-123.89488;46.24904,-123.98552;46.29461,-124.01573;46.29461,-124.0377;46.25474,-124.0377;46.11402,-124.13933;45.53601,-124.13933;45.15961,-124.1201;42.83435,-124.88708;41.92408,-124.44214;

new geometry
http://www.pnwherbaria.org/data/results.php?DisplayAs=Checklist&DisplayOption=HTML&ExcludeCultivated=Y&GroupBy=ungrouped&SortBy=Year&SortOrder=DESC&SearchAllHerbaria=Y&QueryCount=1&Family1=
Rosaceae
&Zoom=5&Lat=43.23794495439925&Lng=-120.39230346679688&PolygonCount=1&Polygon1=41.92408,-124.44214;41.94179,-120.07507;42.15391,-120.06408;42.34908,-120.11902;42.67301,-120.4596;43.0274,-120.80017;43.13173,-121.11878;43.37977,-121.11877;43.54722,-120.72327;43.82528,-120.78919;44.0547,-121.28357;44.44816,-121.4154;44.9324,-121.32751;45.19236,-121.20667;45.44343,-121.26159;45.67324,-121.25199;45.70197,-121.31949;45.69616,-121.43644;45.721,-121.49729;45.71697,-121.5778;45.69739,-121.69212;45.70698,-121.81297;45.6206,-122.01347;45.55333,-122.24144;45.57256,-122.4337;45.60907,-122.63145;45.66093,-122.76604;45.77215,-122.76604;45.90419,-122.80998;45.95576,-122.80998;46.07974,-122.90611;46.18062,-123.12035;46.14638,-123.27965;46.15019,-123.38676;46.18633,-123.43346;46.23764,-123.43346;46.26993,-123.46642;46.26234,-123.5186;46.25094,-123.70262;46.22434,-123.89488;46.24904,-123.98552;46.29461,-124.01573;46.29461,-124.0377;46.25474,-124.0377;46.11402,-124.13933;45.53601,-124.13933;45.15961,-124.1201;42.83435,-124.88708;41.92408,-124.44214;

